0,474
0,473
0,472
0,471
0,243
0,470
0,469
0,468
0,467
0,466
52,35
10,244
10,298
10,132
10,130
10,312
10,114
10,160
10,170
11,7
11,19
11,23
11,5
11,10
9,6
9,4
8,6
8,11
8,9
8,17
8,15
49,4
49,3
49,2
49,1
41,4
41,3
41,1
38,3
38,1
20,3
20,2
20,1
19,3
19,2
19,1
12,3
12,2
12,1
11,30
11,28
11,24
11,17
11,15
11,14
11,13
11,12
11,3
11,2
11,1
10,295
10,273
10,247
10,223
10,213
10,211
10,203
10,153
10,143
10,115
18,1
10,105
10,97
18,3
10,31
10,25
14,1
10,21
10,3
14,3
10,2
13,1
10,1
9,7
13,3
9,5
9,3
9,2
9,1
8,18
8,14
8,13
8,12
8,8
